[gd_scene load_steps=8 format=2]

[ext_resource path="res://Spatial.gd" type="Script" id=1]
[ext_resource path="res://Character.tscn" type="PackedScene" id=2]
[ext_resource path="res://platform_objects/BlockLarge.tscn" type="PackedScene" id=3]
[ext_resource path="res://platform_objects/BlockHexagone.tscn" type="PackedScene" id=4]

[sub_resource type="PlaneMesh" id=1]
size = Vector2( 10, 10 )

[sub_resource type="SpatialMaterial" id=2]
albedo_color = Color( 0.25098, 0.627451, 0.0431373, 1 )

[sub_resource type="ConvexPolygonShape" id=3]
points = PoolVector3Array( 5, 0, 5, -5, 0, 5, 5, 0, -5, -5, 0, -5 )

[node name="Spatial" type="Spatial"]
script = ExtResource( 1 )

[node name="Ground" type="StaticBody" parent="."]

[node name="MeshInstance" type="MeshInstance" parent="Ground"]
mesh = SubResource( 1 )
material/0 = SubResource( 2 )

[node name="CollisionShape" type="CollisionShape" parent="Ground"]
shape = SubResource( 3 )

[node name="CameraHub" type="Spatial" parent="."]
transform = Transform( 0.819152, 0, 0.573576, 0, 1, 0, -0.573576, 0, 0.819152, 3.65183, -0.342944, 4.23008 )

[node name="Camera" type="Camera" parent="CameraHub"]
transform = Transform( 0.828147, 0.412989, -0.378966, 0.00936492, 0.665816, 0.746057, 0.560435, -0.621394, 0.547526, -3.44884, 4.4658, -0.849851 )

[node name="DirectionalLight" type="DirectionalLight" parent="."]
transform = Transform( 0.997368, -0.0686709, -0.0232828, 0.0725106, 0.944554, 0.32025, 0, -0.321095, 0.947047, 1.57364, 3.3328, 0 )
shadow_enabled = true

[node name="Character" parent="." instance=ExtResource( 2 )]
transform = Transform( 1, 0, 0, 0, 1, 0, 0, 0, 1, -1.82583, 0.460971, 1.50257 )

[node name="BlockLarge" parent="." instance=ExtResource( 3 )]

[node name="BlockHexagone" parent="." instance=ExtResource( 4 )]
transform = Transform( 1, 0, 0, 0, 1, 0, 0, 0, 1, 0, 0, -2.96302 )

[node name="BlockHexagone2" parent="." instance=ExtResource( 4 )]
transform = Transform( 1, 0, 0, 0, 1, 0, 0, 0, 1, -2.33835, 0, -2.96302 )

[node name="BlockHexagone3" parent="." instance=ExtResource( 4 )]
transform = Transform( 1, 0, 0, 0, 1, 0, 0, 0, 1, -3.61839, 0, -1.68174 )

